1.077885434709613356e-03 2.984494572360977482e+00 6.078970767785355278e+00 1.788233785848821963e-02 5.800000000000000000e+01
1.077885434709613356e-03 2.984494572360977482e+00 6.078970767785355278e+00 2.386960780525178988e-02 5.800000000000000000e+01
1.077885434709613356e-03 2.984494572360977482e+00 6.078970767785355278e+00 2.039908569240340280e-02 5.800000000000000000e+01
1.077885434709613356e-03 2.984494572360977482e+00 4.212009501190932426e+00 1.788233785848821963e-02 5.800000000000000000e+01
1.077885434709613356e-03 2.984494572360977482e+00 4.212009501190932426e+00 2.386960780525178988e-02 5.800000000000000000e+01
1.077885434709613356e-03 2.984494572360977482e+00 4.212009501190932426e+00 2.039908569240340280e-02 5.800000000000000000e+01
1.077885434709613356e-03 2.984494572360977482e+00 7.147210549880920194e-01 1.788233785848821963e-02 5.800000000000000000e+01
1.077885434709613356e-03 2.984494572360977482e+00 7.147210549880920194e-01 2.386960780525178988e-02 5.800000000000000000e+01
1.077885434709613356e-03 2.984494572360977482e+00 7.147210549880920194e-01 2.039908569240340280e-02 5.800000000000000000e+01
1.077885434709613356e-03 3.675547745818069867e+00 6.078970767785355278e+00 1.788233785848821963e-02 5.800000000000000000e+01
1.077885434709613356e-03 3.675547745818069867e+00 6.078970767785355278e+00 2.386960780525178988e-02 5.800000000000000000e+01
1.077885434709613356e-03 3.675547745818069867e+00 6.078970767785355278e+00 2.039908569240340280e-02 5.800000000000000000e+01
1.077885434709613356e-03 3.675547745818069867e+00 4.212009501190932426e+00 1.788233785848821963e-02 5.800000000000000000e+01
1.077885434709613356e-03 3.675547745818069867e+00 4.212009501190932426e+00 2.386960780525178988e-02 5.800000000000000000e+01
1.077885434709613356e-03 3.675547745818069867e+00 4.212009501190932426e+00 2.039908569240340280e-02 5.800000000000000000e+01
1.077885434709613356e-03 3.675547745818069867e+00 7.147210549880920194e-01 1.788233785848821963e-02 5.800000000000000000e+01
1.077885434709613356e-03 3.675547745818069867e+00 7.147210549880920194e-01 2.386960780525178988e-02 5.800000000000000000e+01
1.077885434709613356e-03 3.675547745818069867e+00 7.147210549880920194e-01 2.039908569240340280e-02 5.800000000000000000e+01
1.077885434709613356e-03 5.162918494218363463e+00 6.078970767785355278e+00 1.788233785848821963e-02 5.800000000000000000e+01
1.077885434709613356e-03 5.162918494218363463e+00 6.078970767785355278e+00 2.386960780525178988e-02 5.800000000000000000e+01
1.077885434709613356e-03 5.162918494218363463e+00 6.078970767785355278e+00 2.039908569240340280e-02 5.800000000000000000e+01
1.077885434709613356e-03 5.162918494218363463e+00 4.212009501190932426e+00 1.788233785848821963e-02 5.800000000000000000e+01
1.077885434709613356e-03 5.162918494218363463e+00 4.212009501190932426e+00 2.386960780525178988e-02 5.800000000000000000e+01
1.077885434709613356e-03 5.162918494218363463e+00 4.212009501190932426e+00 2.039908569240340280e-02 5.800000000000000000e+01
1.077885434709613356e-03 5.162918494218363463e+00 7.147210549880920194e-01 1.788233785848821963e-02 5.800000000000000000e+01
1.077885434709613356e-03 5.162918494218363463e+00 7.147210549880920194e-01 2.386960780525178988e-02 5.800000000000000000e+01
1.077885434709613356e-03 5.162918494218363463e+00 7.147210549880920194e-01 2.039908569240340280e-02 5.800000000000000000e+01
8.323525708008603155e-04 2.984494572360977482e+00 6.078970767785355278e+00 1.788233785848821963e-02 5.800000000000000000e+01
8.323525708008603155e-04 2.984494572360977482e+00 6.078970767785355278e+00 2.386960780525178988e-02 5.800000000000000000e+01
8.323525708008603155e-04 2.984494572360977482e+00 6.078970767785355278e+00 2.039908569240340280e-02 5.800000000000000000e+01
8.323525708008603155e-04 2.984494572360977482e+00 4.212009501190932426e+00 1.788233785848821963e-02 5.800000000000000000e+01
8.323525708008603155e-04 2.984494572360977482e+00 4.212009501190932426e+00 2.386960780525178988e-02 5.800000000000000000e+01
8.323525708008603155e-04 2.984494572360977482e+00 4.212009501190932426e+00 2.039908569240340280e-02 5.800000000000000000e+01
8.323525708008603155e-04 2.984494572360977482e+00 7.147210549880920194e-01 1.788233785848821963e-02 5.800000000000000000e+01
8.323525708008603155e-04 2.984494572360977482e+00 7.147210549880920194e-01 2.386960780525178988e-02 5.800000000000000000e+01
8.323525708008603155e-04 2.984494572360977482e+00 7.147210549880920194e-01 2.039908569240340280e-02 5.800000000000000000e+01
8.323525708008603155e-04 3.675547745818069867e+00 6.078970767785355278e+00 1.788233785848821963e-02 5.800000000000000000e+01
8.323525708008603155e-04 3.675547745818069867e+00 6.078970767785355278e+00 2.386960780525178988e-02 5.800000000000000000e+01
8.323525708008603155e-04 3.675547745818069867e+00 6.078970767785355278e+00 2.039908569240340280e-02 5.800000000000000000e+01
8.323525708008603155e-04 3.675547745818069867e+00 4.212009501190932426e+00 1.788233785848821963e-02 5.800000000000000000e+01
8.323525708008603155e-04 3.675547745818069867e+00 4.212009501190932426e+00 2.386960780525178988e-02 5.800000000000000000e+01
8.323525708008603155e-04 3.675547745818069867e+00 4.212009501190932426e+00 2.039908569240340280e-02 5.800000000000000000e+01
8.323525708008603155e-04 3.675547745818069867e+00 7.147210549880920194e-01 1.788233785848821963e-02 5.800000000000000000e+01
8.323525708008603155e-04 3.675547745818069867e+00 7.147210549880920194e-01 2.386960780525178988e-02 5.800000000000000000e+01
8.323525708008603155e-04 3.675547745818069867e+00 7.147210549880920194e-01 2.039908569240340280e-02 5.800000000000000000e+01
8.323525708008603155e-04 5.162918494218363463e+00 6.078970767785355278e+00 1.788233785848821963e-02 5.800000000000000000e+01
8.323525708008603155e-04 5.162918494218363463e+00 6.078970767785355278e+00 2.386960780525178988e-02 5.800000000000000000e+01
8.323525708008603155e-04 5.162918494218363463e+00 6.078970767785355278e+00 2.039908569240340280e-02 5.800000000000000000e+01
8.323525708008603155e-04 5.162918494218363463e+00 4.212009501190932426e+00 1.788233785848821963e-02 5.800000000000000000e+01
8.323525708008603155e-04 5.162918494218363463e+00 4.212009501190932426e+00 2.386960780525178988e-02 5.800000000000000000e+01
8.323525708008603155e-04 5.162918494218363463e+00 4.212009501190932426e+00 2.039908569240340280e-02 5.800000000000000000e+01
8.323525708008603155e-04 5.162918494218363463e+00 7.147210549880920194e-01 1.788233785848821963e-02 5.800000000000000000e+01
8.323525708008603155e-04 5.162918494218363463e+00 7.147210549880920194e-01 2.386960780525178988e-02 5.800000000000000000e+01
8.323525708008603155e-04 5.162918494218363463e+00 7.147210549880920194e-01 2.039908569240340280e-02 5.800000000000000000e+01
1.263139638231847509e-03 2.984494572360977482e+00 6.078970767785355278e+00 1.788233785848821963e-02 5.800000000000000000e+01
1.263139638231847509e-03 2.984494572360977482e+00 6.078970767785355278e+00 2.386960780525178988e-02 5.800000000000000000e+01
1.263139638231847509e-03 2.984494572360977482e+00 6.078970767785355278e+00 2.039908569240340280e-02 5.800000000000000000e+01
1.263139638231847509e-03 2.984494572360977482e+00 4.212009501190932426e+00 1.788233785848821963e-02 5.800000000000000000e+01
1.263139638231847509e-03 2.984494572360977482e+00 4.212009501190932426e+00 2.386960780525178988e-02 5.800000000000000000e+01
1.263139638231847509e-03 2.984494572360977482e+00 4.212009501190932426e+00 2.039908569240340280e-02 5.800000000000000000e+01
1.263139638231847509e-03 2.984494572360977482e+00 7.147210549880920194e-01 1.788233785848821963e-02 5.800000000000000000e+01
1.263139638231847509e-03 2.984494572360977482e+00 7.147210549880920194e-01 2.386960780525178988e-02 5.800000000000000000e+01
1.263139638231847509e-03 2.984494572360977482e+00 7.147210549880920194e-01 2.039908569240340280e-02 5.800000000000000000e+01
1.263139638231847509e-03 3.675547745818069867e+00 6.078970767785355278e+00 1.788233785848821963e-02 5.800000000000000000e+01
1.263139638231847509e-03 3.675547745818069867e+00 6.078970767785355278e+00 2.386960780525178988e-02 5.800000000000000000e+01
1.263139638231847509e-03 3.675547745818069867e+00 6.078970767785355278e+00 2.039908569240340280e-02 5.800000000000000000e+01
1.263139638231847509e-03 3.675547745818069867e+00 4.212009501190932426e+00 1.788233785848821963e-02 5.800000000000000000e+01
1.263139638231847509e-03 3.675547745818069867e+00 4.212009501190932426e+00 2.386960780525178988e-02 5.800000000000000000e+01
1.263139638231847509e-03 3.675547745818069867e+00 4.212009501190932426e+00 2.039908569240340280e-02 5.800000000000000000e+01
1.263139638231847509e-03 3.675547745818069867e+00 7.147210549880920194e-01 1.788233785848821963e-02 5.800000000000000000e+01
1.263139638231847509e-03 3.675547745818069867e+00 7.147210549880920194e-01 2.386960780525178988e-02 5.800000000000000000e+01
1.263139638231847509e-03 3.675547745818069867e+00 7.147210549880920194e-01 2.039908569240340280e-02 5.800000000000000000e+01
1.263139638231847509e-03 5.162918494218363463e+00 6.078970767785355278e+00 1.788233785848821963e-02 5.800000000000000000e+01
1.263139638231847509e-03 5.162918494218363463e+00 6.078970767785355278e+00 2.386960780525178988e-02 5.800000000000000000e+01
1.263139638231847509e-03 5.162918494218363463e+00 6.078970767785355278e+00 2.039908569240340280e-02 5.800000000000000000e+01
1.263139638231847509e-03 5.162918494218363463e+00 4.212009501190932426e+00 1.788233785848821963e-02 5.800000000000000000e+01
1.263139638231847509e-03 5.162918494218363463e+00 4.212009501190932426e+00 2.386960780525178988e-02 5.800000000000000000e+01
1.263139638231847509e-03 5.162918494218363463e+00 4.212009501190932426e+00 2.039908569240340280e-02 5.800000000000000000e+01
1.263139638231847509e-03 5.162918494218363463e+00 7.147210549880920194e-01 1.788233785848821963e-02 5.800000000000000000e+01
1.263139638231847509e-03 5.162918494218363463e+00 7.147210549880920194e-01 2.386960780525178988e-02 5.800000000000000000e+01
1.263139638231847509e-03 5.162918494218363463e+00 7.147210549880920194e-01 2.039908569240340280e-02 5.800000000000000000e+01
